1740960000 -0.0098 0
1740960128 0.0952 0
1740960256 -0.1998 0
1740960384 -0.6998 0
1740960512 0.3102 0
1740960640 -0.0948 0
1740960768 -0.4648 0
1740960896 -0.3098 0
1740961024 -0.3648 0
1740961024 -0.0148 0
1740961152 -0.5548 0
1740961280 -0.7248 0
1740961408 -0.1048 0
1740961536 -0.1648 0
1740961664 -0.0398 0
1740961792 -0.5848 0
1740961920 -0.2248 0
1740962048 0.0152 0
1740962176 -0.2798 0
1740962304 0.0752 0
1740962432 -0.3198 0
1740962560 0.0802 0
1740962688 0.2352 0
1740962816 -0.3448 0
1740962816 0.5452 0
1740962944 -0.1198 0
1740963072 0.0002 0
1740963200 -0.2548 0
1740963328 -0.9048 0
1740963456 -0.3298 0
1740963584 -0.3148 0
1740963712 0.0702 0
1740963840 -0.4598 0
1740963968 -0.0298 0
1740964096 0.5502 0
1740964224 0.0102 0
1740964352 -0.1798 0
1740964480 0.1252 0
1740964608 -0.1498 0
1740964736 -0.7798 0
1740964864 -0.2798 0
1740964864 -0.0148 0
1740964992 -0.1098 0
1740965120 -0.8398 0
1740965248 -0.0598 0
1740965376 -0.2598 0
1740965504 -0.1698 0
1740965632 0.3602 0
1740965760 -0.1448 0
1740965888 0.4352 0
1740966016 0.6502 0
1740966144 -0.1048 0
1740966272 -0.4148 0
1740966400 -0.2248 0
1740966528 0.1502 0
1740966656 -0.5098 0
1740966656 -0.0148 0
1740966784 0.0102 0
1740966912 -0.2598 0
1740967040 -0.0498 0
1740967168 -0.2498 0
1740967296 -0.2398 0
1740967424 0.2852 0
1740967552 0.7002 0
1740967680 0.1702 0
1740967808 0.0752 0
1740967936 -0.0048 0
1740968064 0.5652 0
1740968192 0.1202 0
1740968320 0.1752 0
1740968448 -0.2348 0
1740968576 -0.1848 0
1740968704 -0.4648 0
1740968704 0.1502 0
1740968832 -0.1198 0
1740968960 -0.0398 0
1740969088 -0.0898 0
1740969216 -0.0748 0
1740969344 -0.1248 0
1740969472 0.0302 0
1740969600 0.1052 0
1740969728 -0.1848 0
1740969856 0.2452 0
1740969984 0.5802 0
1740970112 0.3552 0
1740970240 0.1202 0
1740970368 0.1852 0
1740970496 -0.0198 0
1740970496 0.0102 0
1740970624 -0.2948 0
1740970752 -0.3748 0
1740970880 -0.1748 0
1740971008 0.5352 0
1740971136 0.5352 0
1740971264 -0.0048 0
1740971392 -0.5598 0
1740971520 0.3452 0
1740971648 -0.2148 0
1740971776 0.6602 0
1740971904 -0.1798 0
1740972032 0.2452 0
1740972160 0.3052 0
1740972288 0.3152 0
1740972416 -0.0748 0
1740972544 -0.1948 0
1740972544 0.2552 0
1740972672 -0.7498 0
1740972800 -0.2248 0
1740972928 -0.2698 0
1740973056 -0.0148 0
1740973184 0.1002 0
1740973312 0.1802 0
1740973440 -0.5448 0
1740973568 -0.3748 0
1740973696 -0.3298 0
1740973824 0.1952 0
1740973952 -0.3448 0
1740974080 -0.1148 0
1740974208 0.0402 0
1740974336 0.1402 0
1740974336 -0.3198 0
1740974464 0.2902 0
1740974592 -0.0148 0
1740974720 -0.6798 0
1740974848 0.0052 0
1740974976 -0.1498 0
1740975104 -0.8848 0
1740975232 -0.3548 0
1740975360 0.0002 0
1740975488 -0.1098 0
1740975616 -0.0148 0
1740975744 -0.0398 0
1740975872 -0.2248 0
1740976000 -0.3098 0
1740976128 -0.4798 0
1740976256 -0.5148 0
1740976384 0.3202 0
1740976384 -0.0398 0
1740976512 -0.1298 0
1740976640 0.1052 0
1740976768 -0.3448 0
1740976896 0.3502 0
1740977024 -0.3948 0
1740977152 -0.3448 0
1740977280 -0.2748 0
1740977408 0.0552 0
1740977536 0.1952 0
1740977664 0.1552 0
1740977792 0.3002 0
1740977920 0.3902 0
1740978048 -0.5898 0
1740978176 -0.1248 0
1740978176 0.0602 0
1740978304 -0.4798 0
1740978432 -0.0448 0
1740978560 0.0052 0
1740978688 0.1302 0
1740978816 -0.0148 0
1740978944 0.1102 0
1740979072 -0.6898 0
1740979200 -0.0848 0
1740979328 0.3402 0
1740979456 -0.0298 0
1740979584 0.0152 0
1740979712 -0.0298 0
1740979840 0.4902 0
1740979968 0.0802 0
1740980096 0.1302 0
1740980224 0.3252 0
1740980224 -0.0148 0
1740980352 0.2802 0
1740980480 0.2852 0
1740980608 -0.2448 0
1740980736 -0.3648 0
1740980864 0.1102 0
1740980992 0.1552 0
1740981120 -0.0348 0
1740981248 0.1252 0
1740981376 -0.0048 0
1740981504 0.2402 0
1740981632 0.2102 0
1740981760 0.2752 0
1740981888 -0.1848 0
1740982016 -0.0748 0
1740982016 -0.1098 0
1740982144 0.2002 0
1740982272 -0.2148 0
1740982400 0.0652 0
1740982528 -0.0298 0
1740982656 0.0802 0
1740982784 -0.1398 0
1740982912 0.1502 0
1740983040 -0.2048 0
1740983168 0.0952 0
1740983296 0.0402 0
1740983424 0.0052 0
1740983552 0.2002 0
1740983680 0.0252 0
1740983808 -0.2298 0
1740983936 0.4002 0
1740984064 -0.2998 0
1740984064 0.2552 0
1740984192 0.1902 0
1740984320 0.3502 0
1740984448 0.1702 0
1740984576 -0.4298 0
1740984704 -0.0648 0
1740984832 0.2102 0
1740984960 0.8152 0
1740985088 0.2202 0
1740985216 0.3952 0
1740985344 -0.0598 0
1740985472 0.0452 0
1740985600 -0.1598 0
1740985728 0.0602 0
1740985856 -0.2198 0
1740985856 -0.1298 0
1740985984 0.0502 0
1740986112 0.4552 0
1740986240 -0.4498 0
1740986368 -0.7098 0
1740986496 0.0252 0
1740986624 0.2102 0
1740986752 -0.0298 0
1740986880 0.1302 0
1740987008 -0.1648 0
1740987136 0.1002 0
1740987264 0.0402 0
1740987392 0.5652 0
1740987520 0.1902 0
1740987648 0.1952 0
1740987776 0.0402 0
1740987904 0.0552 0
1740987904 -0.2098 0
1740988032 -0.3198 0
1740988160 -0.0798 0
1740988288 0.0602 0
1740988416 -0.0148 0
1740988544 -0.3548 0
1740988672 0.1352 0
1740988800 0.1102 0
1740988928 0.7302 0
1740989056 0.2152 0
1740989184 0.1952 0
1740989312 0.2602 0
1740989440 -0.0548 0
1740989568 0.0102 0
1740989696 0.1802 0
1740989696 0.5952 0
1740989824 0.0952 0
1740989952 -0.0298 0
1740990080 0.1202 0
1740990208 0.2452 0
1740990336 -0.2698 0
1740990464 0.1702 0
1740990592 0.2752 0
1740990720 -0.4748 0
1740990848 0.0202 0
1740990976 0.2302 0
1740991104 0.4352 0
1740991232 0.0202 0
1740991360 -0.2148 0
1740991488 -0.2748 0
1740991616 0.3402 0
1740991744 0.5652 0
1740991744 0.9102 0
1740991872 -0.1448 0
1740992000 0.5202 0
1740992128 0.0702 0
1740992256 -0.0948 0
1740992384 0.1352 0
1740992512 0.1502 0
1740992640 0.4352 0
1740992768 0.1902 0
1740992896 0.4802 0
1740993024 -0.4548 0
1740993152 -0.1448 0
1740993280 0.5702 0
1740993408 0.3502 0
1740993536 0.3452 0
1740993536 0.2752 0
1740993664 -0.0798 0
1740993792 0.1502 0
1740993920 0.5102 0
1740994048 0.0702 0
1740994176 0.1452 0
1740994304 -0.1748 0
1740994432 0.3102 0
1740994560 -0.1298 0
1740994688 0.0902 0
1740994816 0.4752 0
1740994944 0.1302 0
1740995072 0.8602 0
1740995200 -0.2448 0
1740995328 0.2602 0
1740995456 0.4502 0
1740995584 0.2802 0
1740995584 -0.0198 0
1740995712 0.3502 0
1740995840 0.1402 0
1740995968 0.3352 0
1740996096 0.2052 0
1740996224 0.0002 0
1740996352 0.4252 0
1740996480 -0.1048 0
1740996608 0.1402 0
1740996736 0.1252 0
1740996864 0.1902 0
1740996992 -0.1098 0
1740997120 0.0252 0
1740997248 0.2902 0
1740997376 0.0352 0
1740997376 0.0852 0
1740997504 0.1102 0
1740997632 0.3702 0
1740997760 0.4452 0
1740997888 -0.0748 0
1740998016 -0.1398 0
1740998144 -0.0898 0
1740998272 0.4002 0
1740998400 0.0202 0
1740998528 0.5252 0
1740998656 -0.0998 0
1740998784 0.1652 0
1740998912 0.5702 0
1740999040 0.2202 0
1740999168 0.3052 0
1740999296 0.5152 0
1740999424 0.3402 0
1740999424 0.1902 0
1740999552 0.2202 0
1740999680 0.4802 0
1740999808 -0.0848 0
1740999936 0.0652 0
1741000064 -0.2448 0
1741000192 0.8852 0
1741000320 0.3902 0
1741000448 -0.0048 0
1741000576 0.1502 0
1741000704 0.9702 0
1741000832 0.1652 0
1741000960 0.0852 0
1741001088 -0.0548 0
1741001216 0.2952 0
1741001216 0.6002 0
1741001344 0.6352 0
1741001472 0.3702 0
1741001600 0.0952 0
1741001728 0.4002 0
1741001856 0.7152 0
1741001984 0.2652 0
1741002112 0.5602 0
1741002240 -0.3548 0
1741002368 0.5352 0
1741002496 0.0802 0
1741002624 0.4202 0
1741002752 0.0452 0
1741002880 0.0602 0
1741003008 0.8252 0
1741003136 -0.0248 0
1741003264 0.6002 0
1741003264 -0.0498 0
1741003392 0.3602 0
1741003520 0.7252 0
1741003648 0.5152 0
1741003776 0.0252 0
1741003904 0.1002 0
1741004032 0.2002 0
1741004160 0.2202 0
1741004288 0.0802 0
1741004416 0.6952 0
1741004544 -0.2098 0
1741004672 0.6102 0
1741004800 -0.1348 0
1741004928 0.0802 0
1741005056 0.5402 0
1741005056 -0.1098 0
1741005184 0.6752 0
1741005312 0.6502 0
1741005440 0.3902 0
1741005568 -0.0548 0
1741005696 0.1702 0
1741005824 0.6752 0
1741005952 0.4452 0
1741006080 0.5802 0
1741006208 0.4652 0
1741006336 0.1952 0
1741006464 0.4052 0
1741006592 0.0902 0
1741006720 0.5352 0
1741006848 0.3152 0
1741006976 0.4802 0
1741007104 0.5002 0
1741007104 0.6702 0
1741007232 0.6852 0
1741007360 0.8152 0
1741007488 0.2352 0
1741007616 0.1952 0
1741007744 0.4502 0
1741007872 0.1252 0
1741008000 0.3802 0
1741008128 0.6102 0
1741008256 0.3352 0
1741008384 0.3652 0
1741008512 0.3752 0
1741008640 0.5052 0
1741008768 0.2702 0
1741008896 0.6652 0
1741008896 0.0652 0
1741009024 0.4952 0
1741009152 0.0152 0
1741009280 0.5052 0
1741009408 0.2852 0
1741009536 0.2152 0
1741009664 0.4752 0
1741009792 0.4702 0
1741009920 0.4802 0
1741010048 0.3752 0
1741010176 0.3152 0
1741010304 0.4952 0
1741010432 0.3302 0
1741010944 0.6852 0
1741010944 0.1752 0
1741011072 0.3802 0
1741011200 0.3252 0
1741011328 0.2302 0
1741011456 0.4002 0
1741011584 0.3202 0
1741011712 -0.0798 0
1741011840 0.9552 0
1741011968 0.3802 0
1741012096 0.6902 0
1741012224 0.4302 0
1741012352 0.2802 0
1741012480 -0.0848 0
1741012608 0.8852 0
1741012736 0.4202 0
1741013632 -0.0298 0
1741013760 0.4452 0
1741013888 0.0852 0
1741014016 0.1102 0
1741014144 0.3852 0
1741014272 0.1802 0
1741014400 0.8452 0
1741014528 0.3552 0
1741014656 -0.2498 0
1741014784 0.4002 0
1741014784 0.3052 0
1741014912 0.1102 0
1741015040 -0.3198 0
1741015168 0.1302 0
1741015296 0.0702 0
1741015424 0.2702 0
1741015552 -0.2848 0
1741015680 0.2702 0
1741015808 -0.0948 0
1741015936 1.1052 0
1741016064 -0.0198 0
1741016192 -0.0298 0
1741016576 0.0702 0
1741016576 0.5252 0
1741016704 0.3452 0
1741016832 0.6202 0
1741016960 0.2902 0
1741017088 0.0702 0
1741017216 -0.1148 0
1741017344 -0.0498 0
1741017472 -0.3998 0
1741017600 -0.1598 0
1741017728 -0.2298 0
1741017856 0.3302 0
1741017984 0.1752 0
1741018112 0.2852 0
1741018240 -0.0998 0
1741018368 0.2052 0
1741018496 -0.1198 0
1741018624 0.3102 0
1741018624 -0.2748 0
1741018752 -0.6898 0
1741018880 0.1702 0
1741019008 0.1552 0
1741019136 -0.0598 0
1741019264 0.3652 0
1741019392 0.0302 0
1741019520 -0.0648 0
1741019648 -0.7148 0
1741019776 0.4852 0
1741019904 0.0202 0
1741020032 -0.0298 0
1741020160 0.3852 0
1741020288 0.1902 0
1741020416 -0.2148 0
1741020416 0.0202 0
1741020544 -0.0848 0
1741020672 0.0802 0
1741020800 0.0052 0
1741020928 0.5852 0
1741021056 -0.0998 0
1741021184 0.0352 0
1741021312 -0.0648 0
1741021440 0.1002 0
1741021568 -0.1898 0
1741021696 0.5352 0
1741021824 0.3002 0
1741021952 -0.1648 0
1741022080 0.4202 0
1741022208 0.1752 0
1741022336 -0.2298 0
1741022464 0.2002 0
1741022464 -0.2198 0
1741022592 -0.0248 0
1741022720 0.1602 0
1741022848 -0.4398 0
1741022976 -0.4098 0
1741023104 -0.6698 0
1741023232 -0.4398 0
1741023360 -0.0448 0
1741023488 0.2802 0
1741023616 0.0502 0
1741023744 0.0652 0
1741023872 -0.1548 0
1741024000 -0.2498 0
1741024128 -0.2848 0
1741024256 0.1652 0
1741024256 0.2002 0
1741024384 -0.3298 0
1741024512 -0.4348 0
1741024640 -0.2098 0
1741024768 -0.0798 0
1741024896 0.1252 0
1741025024 -0.2798 0
1741025152 0.4252 0
1741025280 -0.6248 0
1741025408 -0.3048 0
1741025536 0.1002 0
1741025664 -0.1898 0
1741025792 -0.4448 0
1741025920 -0.5298 0
1741026048 -0.5798 0
1741026176 -0.5698 0
1741026304 -0.0148 0
1741026304 -0.0948 0
1741026432 -0.6998 0
1741026560 0.1752 0
1741026688 0.3252 0
1741026816 -0.2498 0
1741026944 -0.1998 0
1741027072 -0.0798 0
1741027200 -0.0798 0
1741027328 -0.2498 0
1741027456 -0.2798 0
1741027584 -0.1048 0
1741027712 -0.0698 0
1741027840 -0.0348 0
1741027968 -0.2398 0
1741028096 -0.3598 0
1741028096 -0.1598 0
1741028224 -0.0148 0
1741028352 0.2552 0
1741028480 -0.1048 0
1741028608 -0.0348 0
1741028736 -0.1648 0
1741028864 0.1352 0
1741028992 0.3052 0
1741029120 0.3652 0
1741029248 -0.5898 0
1741029376 0.0102 0
1741029504 -0.3098 0
1741029632 -0.0498 0
1741029760 0.4552 0
1741029888 -0.1048 0
1741030016 -0.0398 0
1741030144 -0.3398 0
1741030144 -0.3948 0
1741030272 -0.1398 0
1741030400 0.4302 0
1741030528 -0.7048 0
1741030656 -0.0248 0
1741030784 -0.3248 0
1741030912 -1.0348 0
1741031040 -0.5348 0
1741031168 -0.6848 0
1741031296 -0.0048 0
1741031424 0.0402 0
1741031552 -0.4498 0
1741031680 -0.6548 0
1741031808 -0.2148 0
1741031936 -0.3798 0
1741031936 -0.3748 0
1741032064 -0.4448 0
1741032192 -0.6048 0
1741032320 -0.1548 0
1741032448 0.0152 0
1741032576 -0.2448 0
1741032704 -0.0498 0
1741032832 -0.5098 0
1741032960 -0.2998 0
1741033088 -0.3248 0
1741033216 -0.6148 0
1741033344 -0.2798 0
1741033472 0.2852 0
1741033600 -0.7598 0
1741033728 -0.5998 0
1741033856 -0.6648 0
1741033984 0.1402 0
1741033984 -0.0348 0
1741034112 0.5202 0
1741034240 -0.3948 0
1741034368 -0.5648 0
1741034496 -0.2698 0
1741034624 -0.9298 0
1741034752 -0.6948 0
1741034880 -0.7748 0
1741035008 -0.4398 0
1741035136 -0.4098 0
1741035264 -0.3498 0
1741035392 -0.0048 0
1741035520 -0.4098 0
1741035648 -0.6398 0
1741035776 -0.6848 0
1741035776 -0.4648 0
1741035904 -0.3648 0
1741036032 -0.1848 0
1741036160 -0.3048 0
1741036288 -0.5298 0
1741036416 -0.5548 0
1741036544 -0.3848 0
1741036672 -0.6798 0
1741036800 -0.4048 0
1741036928 -0.4498 0
1741037056 -0.5148 0
1741037184 -0.5748 0
1741037312 -0.5898 0
1741037440 -0.3548 0
1741037568 -0.4298 0
1741037696 -0.4948 0
1741037824 0.4052 0
1741037824 -0.5598 0
1741037952 -0.2898 0
1741038080 -0.4098 0
1741038208 -0.5498 0
1741038336 -0.5948 0
1741038464 -0.5548 0
1741038592 -0.1448 0
1741038720 -0.3398 0
1741038848 -0.6998 0
1741038976 -0.8698 0
1741039104 -0.3698 0
1741039232 -0.1198 0
1741039360 -0.5398 0
1741039488 -0.4848 0
1741039616 -0.1948 0
1741039616 -0.2198 0
1741039744 -0.5098 0
1741039872 -0.1098 0
1741040000 -0.2948 0
1741040128 -0.2098 0
1741040256 -0.2248 0
1741040384 -0.4398 0
1741040512 -0.4948 0
1741040640 -0.2748 0
1741040768 -0.5048 0
1741040896 -0.5698 0
1741041024 -0.0848 0
1741041152 0.0252 0
1741041280 -0.6448 0
1741041408 -0.6748 0
1741041536 -0.7598 0
1741041664 -0.7398 0
1741041664 -0.2748 0
1741041792 -0.0048 0
1741041920 -0.1798 0
1741042048 -0.4498 0
1741042176 0.2502 0
1741042304 -0.4398 0
1741042432 -0.5048 0
1741042560 -0.8798 0
1741042688 0.1552 0
1741042816 -0.1448 0
1741042944 -0.5248 0
1741043072 -0.5798 0
1741043200 -0.0748 0
1741043328 -0.4348 0
1741043456 -0.2298 0
1741043456 -0.3898 0
1741043584 -0.2498 0
1741043712 -0.2648 0
1741043840 -0.5048 0
1741043968 -0.3398 0
1741044096 -0.2948 0
1741044224 -0.2448 0
1741044352 -0.0498 0
1741044480 -0.6598 0
1741044608 -0.6948 0
1741044736 -0.1648 0
1741044864 -0.7698 0
1741044992 -0.8348 0
1741045120 0.1552 0
1741045248 -0.6448 0
1741045376 -0.6648 0
